id,0,1,2,
develop00001.jpg,0.154755, 0.843067, 0.00217778,
develop00002.jpg,0.142078, 0.856677, 0.00124484,
develop00003.jpg,0.205754, 0.79287, 0.00137626,
develop00004.jpg,0.12567, 0.871274, 0.00305651,
develop00005.jpg,0.0909451, 0.907834, 0.00122115,
develop00006.jpg,0.109466, 0.888324, 0.00220963,
develop00007.jpg,0.123506, 0.875367, 0.00112761,
develop00008.jpg,0.129996, 0.868506, 0.00149733,
develop00009.jpg,0.180384, 0.816797, 0.0028196,
develop00010.jpg,0.117199, 0.880909, 0.00189184,
develop00011.jpg,0.0840029, 0.915102, 0.000894679,
develop00012.jpg,0.149598, 0.848426, 0.00197543,
develop00013.jpg,0.140208, 0.858607, 0.00118459,
develop00014.jpg,0.152248, 0.846239, 0.00151272,
develop00015.jpg,0.120889, 0.878033, 0.00107763,
develop00016.jpg,0.114585, 0.884682, 0.000732744,
develop00017.jpg,0.141443, 0.856461, 0.00209531,
develop00018.jpg,0.0844057, 0.913766, 0.00182881,
develop00019.jpg,0.129721, 0.868407, 0.00187149,
develop00020.jpg,0.173265, 0.825573, 0.00116215,
develop00021.jpg,0.119457, 0.879454, 0.00108867,
develop00022.jpg,0.0600058, 0.939078, 0.000915794,
develop00023.jpg,0.107166, 0.891174, 0.00166027,
develop00024.jpg,0.0595148, 0.939687, 0.000797776,
develop00025.jpg,0.0654408, 0.933002, 0.00155773,
develop00026.jpg,0.0843169, 0.914497, 0.00118561,
develop00027.jpg,0.121118, 0.877551, 0.00133146,
develop00028.jpg,0.996632, 0.000878524, 0.00248988,
develop00029.jpg,0.991253, 0.0023985, 0.00634845,
develop00030.jpg,0.982984, 0.00289027, 0.014126,
develop00031.jpg,0.98652, 0.00354462, 0.00993566,
develop00032.jpg,0.993181, 0.00212064, 0.00469851,
develop00033.jpg,0.993683, 0.00199009, 0.00432702,
develop00034.jpg,0.994744, 0.00332225, 0.00193368,
develop00035.jpg,0.981773, 0.00356616, 0.0146607,
develop00036.jpg,0.987178, 0.00245941, 0.0103623,
develop00037.jpg,0.995673, 0.00206098, 0.00226573,
develop00038.jpg,0.996369, 0.00161296, 0.00201849,
develop00039.jpg,0.99453, 0.0028682, 0.0026017,
develop00040.jpg,0.97179, 0.00572754, 0.0224826,
develop00041.jpg,0.981765, 0.00502533, 0.0132092,
develop00042.jpg,0.977249, 0.00585808, 0.0168928,
develop00043.jpg,0.970531, 0.00627601, 0.0231926,
develop00044.jpg,0.986243, 0.00653469, 0.00722266,
develop00045.jpg,0.987093, 0.00602162, 0.00688529,
develop00046.jpg,0.986696, 0.00470864, 0.00859552,
develop00047.jpg,0.9735, 0.00370708, 0.0227927,
develop00048.jpg,0.981858, 0.00412431, 0.0140174,
develop00049.jpg,0.994632, 0.00195518, 0.00341258,
develop00050.jpg,0.995836, 0.00175953, 0.00240446,
develop00051.jpg,0.99218, 0.00386093, 0.00395947,
develop00052.jpg,0.970378, 0.00479687, 0.0248255,
develop00053.jpg,0.981588, 0.00396861, 0.0144433,
develop00054.jpg,0.99646, 0.00146352, 0.00207602,
develop00055.jpg,0.996967, 0.00111124, 0.00192182,
develop00056.jpg,0.996075, 0.00155908, 0.00236643,
develop00057.jpg,0.993228, 0.0046048, 0.00216748,
develop00058.jpg,0.986995, 0.00503976, 0.00796491,
develop00059.jpg,0.984002, 0.00506602, 0.0109324,
develop00060.jpg,0.999057, 0.000621913, 0.000321493,
develop00061.jpg,0.99934, 0.000541043, 0.000119338,
develop00062.jpg,0.999444, 0.000422466, 0.000133057,
develop00063.jpg,0.99968, 0.000212277, 0.00010769,
develop00064.jpg,0.999784, 0.000134664, 8.16149e-05,
develop00065.jpg,0.999324, 0.000455982, 0.000220382,
develop00066.jpg,0.999124, 0.000681945, 0.000193807,
develop00067.jpg,0.999653, 0.000228256, 0.000118884,
develop00068.jpg,0.999623, 0.000252793, 0.000124058,
develop00069.jpg,0.998393, 0.00124343, 0.000363498,
develop00070.jpg,0.998221, 0.00153886, 0.000240274,
develop00071.jpg,0.999148, 0.000745369, 0.000106734,
develop00072.jpg,0.999461, 0.000395219, 0.000144198,
develop00073.jpg,0.999028, 0.000883259, 8.81939e-05,
develop00074.jpg,0.998607, 0.00124902, 0.000144004,
develop00075.jpg,0.998992, 0.000921518, 8.64889e-05,
develop00076.jpg,0.999524, 0.000292561, 0.000183492,
develop00077.jpg,0.999625, 0.000243395, 0.000131729,
develop00078.jpg,0.998814, 0.000909976, 0.000275902,
develop00079.jpg,0.998551, 0.00122914, 0.000219408,
develop00080.jpg,0.999617, 0.000270484, 0.000112887,
develop00081.jpg,0.999562, 0.000324901, 0.000113264,
develop00082.jpg,0.998776, 0.00103817, 0.00018547,
develop00083.jpg,0.998748, 0.00111556, 0.000136235,
develop00084.jpg,0.999395, 0.000493373, 0.000111659,
develop00085.jpg,0.997154, 0.00246716, 0.000379354,
develop00086.jpg,0.995338, 0.00419295, 0.000468797,
develop00087.jpg,0.996539, 0.00303441, 0.00042678,
develop00088.jpg,0.996634, 0.0028237, 0.000541927,
develop00089.jpg,0.995475, 0.00416467, 0.000359855,
develop00090.jpg,0.995706, 0.00397305, 0.000321132,
develop00091.jpg,0.996666, 0.00319804, 0.00013568,
develop00092.jpg,0.996989, 0.00290179, 0.000109074,
develop00093.jpg,0.998909, 0.00103757, 5.34792e-05,
develop00094.jpg,0.994457, 0.00510092, 0.00044256,
develop00095.jpg,0.997822, 0.00206939, 0.000108298,
develop00096.jpg,0.999095, 0.000721171, 0.000183713,
develop00097.jpg,0.998362, 0.00139256, 0.000245795,
develop00098.jpg,0.998085, 0.00172987, 0.000184944,
develop00099.jpg,0.997383, 0.00231643, 0.000300411,
develop00100.jpg,0.998823, 0.000808234, 0.000368346,
develop00101.jpg,0.999169, 0.00058092, 0.000249609,
develop00102.jpg,0.999221, 0.00068104, 9.81724e-05,
develop00103.jpg,0.996705, 0.00280424, 0.000491299,
develop00104.jpg,0.999788, 0.000171452, 4.01858e-05,
develop00105.jpg,0.999204, 0.000533197, 0.000263355,
develop00106.jpg,0.999567, 0.000283258, 0.000149556,
develop00107.jpg,0.999831, 0.000130726, 3.86029e-05,
develop00108.jpg,0.999281, 0.000637765, 8.14283e-05,
develop00109.jpg,0.999468, 0.000361845, 0.000170034,
develop00110.jpg,0.999398, 0.000408802, 0.000193682,
develop00111.jpg,0.999227, 0.000543347, 0.000229606,
develop00112.jpg,0.994729, 0.000461846, 0.0048088,
develop00113.jpg,0.999272, 0.000214704, 0.000513068,
develop00114.jpg,0.999406, 0.000290112, 0.000304229,
develop00115.jpg,0.982906, 0.00135244, 0.0157419,
develop00116.jpg,0.990967, 0.000992479, 0.00804038,
develop00117.jpg,0.997798, 0.000392832, 0.00180913,
develop00118.jpg,0.996943, 0.00127567, 0.00178091,
develop00119.jpg,0.998754, 0.000324674, 0.000921504,
develop00120.jpg,0.998414, 0.000230031, 0.00135626,
develop00121.jpg,0.998302, 0.000208697, 0.00148931,
develop00122.jpg,0.996839, 0.000903705, 0.00225697,
develop00123.jpg,0.99781, 0.000841288, 0.00134859,
develop00124.jpg,0.983452, 0.00207192, 0.0144762,
develop00125.jpg,0.991647, 0.00129654, 0.00705602,
develop00126.jpg,0.995232, 0.00064066, 0.00412766,
develop00127.jpg,0.991854, 0.00150109, 0.00664485,
develop00128.jpg,0.998352, 0.00028897, 0.00135863,
develop00129.jpg,0.997348, 0.000376165, 0.00227615,
develop00130.jpg,0.99735, 0.000356748, 0.00229321,
develop00131.jpg,0.991659, 0.00107462, 0.00726674,
develop00132.jpg,0.991862, 0.0019489, 0.00618915,
develop00133.jpg,0.998319, 0.000233209, 0.00144781,
develop00134.jpg,0.997952, 0.00016961, 0.00187877,
develop00135.jpg,0.998143, 0.0001865, 0.00167046,
develop00136.jpg,0.990353, 0.00187193, 0.00777527,
develop00137.jpg,0.959614, 0.0275134, 0.0128727,
develop00138.jpg,0.979218, 0.0118385, 0.00894358,
develop00139.jpg,0.972596, 0.00186818, 0.0255354,
develop00140.jpg,0.98486, 0.00179192, 0.0133481,
develop00141.jpg,0.969332, 0.0130681, 0.0175996,
develop00142.jpg,0.925227, 0.0551123, 0.0196608,
develop00143.jpg,0.988804, 0.0036844, 0.00751187,
develop00144.jpg,0.984792, 0.0022078, 0.0130006,
develop00145.jpg,0.992693, 0.00166094, 0.00564624,
develop00146.jpg,0.942323, 0.0223025, 0.0353748,
develop00147.jpg,0.953971, 0.0340506, 0.0119781,
develop00148.jpg,0.961457, 0.0254075, 0.0131357,
develop00149.jpg,0.983499, 0.00556583, 0.010935,
develop00150.jpg,0.978223, 0.00210877, 0.019668,
develop00151.jpg,0.97984, 0.00405477, 0.0161052,
develop00152.jpg,0.988737, 0.00631676, 0.00494645,
develop00153.jpg,0.96465, 0.0210186, 0.0143316,
develop00154.jpg,0.992955, 0.00211491, 0.00493026,
develop00155.jpg,0.987167, 0.00127997, 0.0115532,
develop00156.jpg,0.990362, 0.00163887, 0.00799882,
develop00157.jpg,0.981533, 0.0137075, 0.00475902,
develop00158.jpg,0.975099, 0.0151317, 0.00976898,
develop00159.jpg,0.991538, 0.0052991, 0.00316263,
develop00160.jpg,0.989417, 0.00109361, 0.00948958,
develop00161.jpg,0.999133, 0.000564727, 0.00030272,
develop00162.jpg,0.993622, 0.00592081, 0.000457702,
develop00163.jpg,0.999722, 0.000161307, 0.000116251,
develop00164.jpg,0.999108, 0.000764579, 0.000127666,
develop00165.jpg,0.998987, 0.000672712, 0.000340053,
develop00166.jpg,0.656918, 0.290277, 0.0528051,
develop00167.jpg,0.999636, 0.000221059, 0.00014336,
develop00168.jpg,0.999521, 0.000360699, 0.000118094,
develop00169.jpg,0.999688, 0.000157423, 0.000154516,
develop00170.jpg,0.991366, 0.00700488, 0.00162925,
develop00171.jpg,0.999399, 0.000450123, 0.000150454,
develop00172.jpg,0.998855, 0.000985555, 0.000159159,
develop00173.jpg,0.999297, 0.000351102, 0.000351756,
develop00174.jpg,0.998247, 0.00120407, 0.000549374,
develop00175.jpg,0.997611, 0.00211806, 0.000271186,
develop00176.jpg,0.999771, 0.000112386, 0.000116633,
develop00177.jpg,0.999815, 0.000123532, 6.13767e-05,
develop00178.jpg,0.999889, 5.81044e-05, 5.28397e-05,
develop00179.jpg,0.998568, 0.0012595, 0.000172322,
develop00180.jpg,0.999814, 9.54965e-05, 9.04847e-05,
develop00181.jpg,0.999814, 8.0963e-05, 0.000104858,
develop00182.jpg,0.999796, 0.000123097, 8.07731e-05,
develop00183.jpg,0.998114, 0.00151431, 0.000371963,
develop00184.jpg,0.999184, 0.000589816, 0.0002262,
develop00185.jpg,0.973475, 0.023304, 0.00322098,
develop00186.jpg,0.998954, 0.000699102, 0.000346703,
develop00187.jpg,0.999328, 0.000438356, 0.000233415,
develop00188.jpg,0.998622, 0.000941787, 0.000436649,
develop00189.jpg,0.998708, 0.00077133, 0.000521112,
develop00190.jpg,0.97962, 0.0080877, 0.0122922,
develop00191.jpg,0.999072, 0.00085609, 7.23162e-05,
develop00192.jpg,0.999522, 0.000434206, 4.36656e-05,
develop00193.jpg,0.991569, 0.00466232, 0.00376922,
develop00194.jpg,0.99654, 0.00193709, 0.00152279,
develop00195.jpg,0.999402, 0.000469855, 0.000128269,
develop00196.jpg,0.999576, 0.000295596, 0.000128755,
develop00197.jpg,0.997708, 0.0016311, 0.000660503,
develop00198.jpg,0.997722, 0.00144631, 0.000832105,
develop00199.jpg,0.999354, 0.000486911, 0.000159378,
develop00200.jpg,0.999067, 0.000553865, 0.000379361,
develop00201.jpg,0.992772, 0.00403049, 0.00319784,
develop00202.jpg,0.99882, 0.00100584, 0.000173555,
develop00203.jpg,0.99853, 0.00122173, 0.000247771,
develop00204.jpg,0.999469, 0.000315188, 0.000216218,
develop00205.jpg,0.988213, 0.00697851, 0.00480833,
develop00206.jpg,0.998907, 0.000769643, 0.000323371,
develop00207.jpg,0.999345, 0.000474855, 0.000180363,
develop00208.jpg,0.998975, 0.000549864, 0.000475555,
develop00209.jpg,0.989797, 0.00565735, 0.00454568,
develop00210.jpg,0.0454056, 0.666065, 0.28853,
develop00211.jpg,0.0300368, 0.866457, 0.103506,
develop00212.jpg,0.0568424, 0.860413, 0.0827444,
develop00213.jpg,0.0136078, 0.917587, 0.0688053,
develop00214.jpg,0.0342005, 0.956986, 0.00881333,
develop00215.jpg,0.0588718, 0.92657, 0.0145585,
develop00216.jpg,0.0219509, 0.71078, 0.267269,
develop00217.jpg,0.957456, 0.0134361, 0.0291075,
develop00218.jpg,0.781384, 0.0971984, 0.121418,
develop00219.jpg,0.0540558, 0.328509, 0.617435,
develop00220.jpg,0.0631351, 0.92731, 0.00955471,
develop00221.jpg,0.00892154, 0.9823, 0.00877887,
develop00222.jpg,0.0199878, 0.0477318, 0.93228,
develop00223.jpg,0.970832, 0.00634057, 0.0228275,
develop00224.jpg,0.981107, 0.00647964, 0.012413,
develop00225.jpg,0.701899, 0.236701, 0.0613994,
develop00226.jpg,0.764242, 0.232048, 0.00370933,
develop00227.jpg,0.699222, 0.298254, 0.00252388,
develop00228.jpg,0.141804, 0.521453, 0.336743,
develop00229.jpg,0.881218, 0.0595935, 0.0591885,
develop00230.jpg,0.96896, 0.00604792, 0.0249925,
develop00231.jpg,0.0117502, 0.0628406, 0.925409,
develop00232.jpg,0.774459, 0.221498, 0.00404324,
develop00233.jpg,0.496271, 0.501403, 0.00232586,
develop00234.jpg,0.10912, 0.887403, 0.00347671,
develop00235.jpg,0.433966, 0.475832, 0.0902023,
develop00236.jpg,0.115231, 0.493511, 0.391258,
develop00237.jpg,0.7118, 0.0606426, 0.227558,
develop00238.jpg,0.76309, 0.0481742, 0.188736,
develop00239.jpg,0.819549, 0.123675, 0.0567768,
develop00240.jpg,0.894934, 0.0995119, 0.00555383,
develop00241.jpg,0.821752, 0.173245, 0.00500309,
develop00242.jpg,0.102512, 0.315552, 0.581936,
develop00243.jpg,0.863861, 0.0503207, 0.0858183,
develop00244.jpg,0.97428, 0.00617881, 0.0195411,
develop00245.jpg,0.856412, 0.0902493, 0.0533392,
develop00246.jpg,0.366944, 0.602305, 0.0307507,
develop00247.jpg,0.150713, 0.844837, 0.00444966,
develop00248.jpg,0.74553, 0.24777, 0.00669922,
develop00249.jpg,0.866548, 0.0839663, 0.0494861,
develop00250.jpg,0.893998, 0.0692795, 0.0367222,
develop00251.jpg,0.151184, 0.602598, 0.246218,
develop00252.jpg,0.110681, 0.884121, 0.00519715,
develop00253.jpg,0.161633, 0.83567, 0.00269758,
develop00254.jpg,0.324651, 0.671486, 0.0038636,
develop00255.jpg,0.833038, 0.161558, 0.00540403,
develop00256.jpg,0.583086, 0.28194, 0.134974,
develop00257.jpg,0.670162, 0.263467, 0.0663712,
develop00258.jpg,0.495268, 0.320686, 0.184046,
develop00259.jpg,0.362508, 0.587794, 0.0496982,
develop00260.jpg,0.498818, 0.490752, 0.0104296,
develop00261.jpg,0.836388, 0.161206, 0.00240574,
develop00262.jpg,0.852587, 0.14271, 0.00470341,
develop00263.jpg,0.710473, 0.28488, 0.00464735,
develop00264.jpg,0.984832, 0.0136845, 0.00148385,
develop00265.jpg,0.992657, 0.00630966, 0.00103301,
develop00266.jpg,0.201779, 0.703233, 0.0949888,
develop00267.jpg,0.43869, 0.545875, 0.015435,
develop00268.jpg,0.674717, 0.324121, 0.00116211,
develop00269.jpg,0.947032, 0.0520665, 0.000901802,
develop00270.jpg,0.106754, 0.694734, 0.198513,
develop00271.jpg,0.00606196, 0.711718, 0.28222,
develop00272.jpg,0.0043624, 0.698755, 0.296882,
develop00273.jpg,0.00276456, 0.827974, 0.169262,
develop00274.jpg,0.847185, 0.125116, 0.0276991,
develop00275.jpg,0.817508, 0.149241, 0.0332513,
develop00276.jpg,0.0256875, 0.811333, 0.16298,
develop00277.jpg,0.0250981, 0.817866, 0.157035,
develop00278.jpg,0.0262286, 0.755228, 0.218544,
develop00279.jpg,0.0224454, 0.797676, 0.179878,
develop00280.jpg,0.000991887, 0.707461, 0.291547,
develop00281.jpg,0.3535, 0.533909, 0.112592,
develop00282.jpg,0.974573, 0.0173255, 0.00810112,
develop00283.jpg,0.67599, 0.24589, 0.0781207,
develop00284.jpg,0.0440569, 0.796604, 0.159339,
develop00285.jpg,0.0213165, 0.843713, 0.13497,
develop00286.jpg,0.0212, 0.736045, 0.242755,
develop00287.jpg,0.0053351, 0.822702, 0.171963,
develop00288.jpg,0.00455163, 0.783631, 0.211817,
develop00289.jpg,0.277237, 0.658619, 0.0641443,
develop00290.jpg,0.984474, 0.00944881, 0.00607732,
develop00291.jpg,0.282225, 0.696824, 0.0209508,
develop00292.jpg,0.00313715, 0.742399, 0.254464,
develop00293.jpg,0.00255611, 0.819655, 0.177789,
develop00294.jpg,0.410465, 0.182247, 0.407288,
develop00295.jpg,0.573603, 0.173309, 0.253088,
develop00296.jpg,0.0860412, 0.579491, 0.334468,
develop00297.jpg,0.243028, 0.406915, 0.350057,
develop00298.jpg,0.814449, 0.164625, 0.0209266,
develop00299.jpg,0.948429, 0.0436849, 0.00788643,
develop00300.jpg,0.787148, 0.180351, 0.032501,
develop00301.jpg,0.41269, 0.173546, 0.413764,
develop00302.jpg,0.0512038, 0.589877, 0.358919,
develop00303.jpg,0.0752264, 0.478479, 0.446294,
develop00304.jpg,0.0193409, 0.488615, 0.492044,
develop00305.jpg,0.261742, 0.607688, 0.13057,
develop00306.jpg,0.952119, 0.0404105, 0.00747021,
develop00307.jpg,0.948001, 0.0408422, 0.0111568,
develop00308.jpg,0.655286, 0.26561, 0.079104,
develop00309.jpg,0.0238808, 0.364393, 0.611726,
develop00310.jpg,0.112813, 0.584197, 0.30299,
develop00311.jpg,0.134266, 0.482935, 0.382799,
develop00312.jpg,0.029584, 0.42976, 0.540656,
develop00313.jpg,0.437749, 0.505015, 0.057236,
develop00314.jpg,0.976877, 0.0174711, 0.00565212,
develop00315.jpg,0.971737, 0.0232824, 0.00498028,
develop00316.jpg,0.780564, 0.172338, 0.0470977,
develop00317.jpg,0.0152327, 0.184914, 0.799853,
develop00318.jpg,0.621802, 0.152421, 0.225777,
develop00319.jpg,0.40307, 0.314137, 0.282792,
develop00320.jpg,0.0226413, 0.467517, 0.509842,
develop00321.jpg,1.63625e-05, 0.81543, 0.184553,
develop00322.jpg,1.75888e-05, 0.793936, 0.206046,
develop00323.jpg,1.57613e-05, 0.774995, 0.22499,
develop00324.jpg,1.50701e-05, 0.775782, 0.224202,
develop00325.jpg,3.10121e-05, 0.800152, 0.199817,
develop00326.jpg,3.16276e-05, 0.822045, 0.177923,
develop00327.jpg,2.72725e-05, 0.799269, 0.200703,
develop00328.jpg,1.95631e-06, 0.779873, 0.220125,
develop00329.jpg,1.05309e-06, 0.61675, 0.383249,
develop00330.jpg,6.97589e-06, 0.977469, 0.0225237,
develop00331.jpg,8.2071e-06, 0.982107, 0.0178848,
develop00332.jpg,7.87371e-06, 0.96045, 0.0395423,
develop00333.jpg,7.97883e-06, 0.970885, 0.0291071,
develop00334.jpg,1.14053e-05, 0.979161, 0.0208275,
develop00335.jpg,1.59688e-05, 0.963842, 0.0361419,
develop00336.jpg,1.51213e-05, 0.953758, 0.0462265,
develop00337.jpg,1.69872e-05, 0.962864, 0.0371192,
develop00338.jpg,1.44853e-05, 0.970193, 0.0297923,
develop00339.jpg,2.69616e-05, 0.942645, 0.0573277,
develop00340.jpg,2.07716e-05, 0.950304, 0.0496748,
develop00341.jpg,1.70519e-05, 0.94548, 0.0545031,
develop00342.jpg,2.68776e-05, 0.951138, 0.0488348,
develop00343.jpg,2.52298e-05, 0.946118, 0.0538564,
develop00344.jpg,2.10433e-05, 0.943354, 0.0566248,
develop00345.jpg,2.12277e-05, 0.947658, 0.0523205,
develop00346.jpg,2.01427e-05, 0.963498, 0.0364819,
develop00347.jpg,1.60592e-05, 0.95566, 0.0443242,
develop00348.jpg,7.06584e-06, 0.976162, 0.0238305,
develop00349.jpg,1.39135e-05, 0.968975, 0.0310113,
develop00350.jpg,1.39333e-05, 0.959967, 0.0400193,
develop00351.jpg,1.74212e-05, 0.722419, 0.277563,
develop00352.jpg,1.9768e-05, 0.911081, 0.0888997,
develop00353.jpg,2.01108e-05, 0.988929, 0.0110512,
develop00354.jpg,9.11585e-06, 0.994336, 0.00565482,
develop00355.jpg,1.49911e-05, 0.809079, 0.190906,
develop00356.jpg,1.53963e-05, 0.793908, 0.206076,
develop00357.jpg,2.00102e-05, 0.89283, 0.10715,
develop00358.jpg,8.52707e-06, 0.994711, 0.00528037,
develop00359.jpg,1.37468e-05, 0.989918, 0.0100686,
develop00360.jpg,1.26613e-05, 0.784849, 0.215139,
develop00361.jpg,1.07593e-05, 0.741774, 0.258215,
develop00362.jpg,1.50382e-05, 0.824771, 0.175214,
develop00363.jpg,9.27198e-06, 0.993601, 0.00638929,
develop00364.jpg,1.01632e-05, 0.994513, 0.00547706,
develop00365.jpg,1.06578e-05, 0.745878, 0.254111,
develop00366.jpg,1.25568e-05, 0.709345, 0.290642,
develop00367.jpg,1.08119e-05, 0.741106, 0.258883,
develop00368.jpg,8.67138e-06, 0.995062, 0.00492951,
develop00369.jpg,9.36958e-06, 0.994648, 0.00534231,
develop00370.jpg,1.93473e-05, 0.929765, 0.070216,
develop00371.jpg,1.46481e-05, 0.843569, 0.156417,
develop00372.jpg,1.56131e-05, 0.84883, 0.151154,
develop00373.jpg,6.60602e-06, 0.995367, 0.00462666,
develop00374.jpg,1.14977e-05, 0.994096, 0.00589297,
develop00375.jpg,1.79823e-05, 0.89671, 0.103272,
develop00376.jpg,1.09077e-05, 0.780827, 0.219162,
develop00377.jpg,1.38651e-05, 0.797519, 0.202467,
develop00378.jpg,1.48784e-05, 0.993435, 0.00655027,
develop00379.jpg,3.32782e-06, 0.175985, 0.824012,
develop00380.jpg,1.19756e-05, 0.218321, 0.781667,
develop00381.jpg,4.56187e-05, 0.793336, 0.206618,
develop00382.jpg,2.63867e-05, 0.75659, 0.243383,
develop00383.jpg,3.52682e-06, 0.0527057, 0.947291,
develop00384.jpg,3.95019e-06, 0.0565972, 0.943399,
develop00385.jpg,2.9954e-05, 0.501046, 0.498924,
develop00386.jpg,6.98343e-05, 0.258045, 0.741885,
develop00387.jpg,4.53195e-06, 0.0534558, 0.94654,
develop00388.jpg,8.64866e-06, 0.0598062, 0.940185,
develop00389.jpg,4.99857e-05, 0.0903974, 0.909553,
develop00390.jpg,7.4506e-06, 0.0140052, 0.985987,
develop00391.jpg,1.84169e-05, 0.0403783, 0.959603,
develop00392.jpg,1.67366e-05, 0.0521869, 0.947796,
develop00393.jpg,6.52867e-05, 0.73658, 0.263354,
develop00394.jpg,4.92751e-05, 0.794164, 0.205787,
develop00395.jpg,1.41904e-05, 0.0599748, 0.940011,
develop00396.jpg,1.42062e-05, 0.0846559, 0.91533,
develop00397.jpg,1.36568e-05, 0.538748, 0.461238,
develop00398.jpg,1.60651e-05, 0.721322, 0.278662,
develop00399.jpg,1.57109e-05, 0.0676132, 0.932371,
develop00400.jpg,7.84948e-05, 0.390622, 0.6093,
develop00401.jpg,0.000106897, 0.857778, 0.142116,
develop00402.jpg,0.00012384, 0.792637, 0.207239,
develop00403.jpg,8.13534e-05, 0.4337, 0.566218,
develop00404.jpg,8.33165e-05, 0.381621, 0.618295,
develop00405.jpg,9.07687e-05, 0.38177, 0.61814,
develop00406.jpg,3.24613e-05, 0.691257, 0.308711,
develop00407.jpg,8.16412e-05, 0.837929, 0.16199,
develop00408.jpg,5.19737e-05, 0.37226, 0.627688,
develop00409.jpg,3.90448e-05, 0.372923, 0.627038,
develop00410.jpg,6.92696e-05, 0.588977, 0.410953,
develop00411.jpg,8.08107e-05, 0.690958, 0.308961,
develop00412.jpg,0.000102403, 0.615119, 0.384779,
develop00413.jpg,6.22211e-05, 0.370949, 0.628988,
develop00414.jpg,7.48979e-05, 0.379208, 0.620717,
develop00415.jpg,0.000132798, 0.731967, 0.2679,
develop00416.jpg,8.69663e-05, 0.666479, 0.333434,
develop00417.jpg,8.4982e-05, 0.378339, 0.621576,
develop00418.jpg,6.81599e-05, 0.382852, 0.61708,
develop00419.jpg,7.7328e-05, 0.451421, 0.548502,
develop00420.jpg,0.0001719, 0.766121, 0.233707,
develop00421.jpg,9.40802e-05, 0.793214, 0.206692,
develop00422.jpg,7.94917e-05, 0.382102, 0.617819,
develop00423.jpg,7.50584e-05, 0.377055, 0.62287,
develop00424.jpg,5.59747e-05, 0.484369, 0.515575,
develop00425.jpg,0.000148304, 0.592489, 0.407363,
develop00426.jpg,6.7256e-05, 0.606501, 0.393431,
develop00427.jpg,7.96891e-05, 0.371202, 0.628719,
develop00428.jpg,9.94185e-05, 0.377886, 0.622015,
develop00429.jpg,8.37205e-05, 0.719988, 0.279928,
develop00430.jpg,7.32129e-05, 0.805312, 0.194615,
develop00431.jpg,7.37783e-05, 0.392328, 0.607599,
develop00432.jpg,7.59882e-05, 0.373202, 0.626722,
develop00433.jpg,7.81908e-05, 0.366113, 0.633809,
develop00434.jpg,7.12696e-05, 0.79637, 0.203559,
develop00435.jpg,3.50439e-05, 0.730694, 0.269271,
develop00436.jpg,1.83074e-05, 0.817402, 0.18258,
develop00437.jpg,1.91399e-05, 0.966238, 0.0337428,
develop00438.jpg,2.42986e-05, 0.995935, 0.00404084,
develop00439.jpg,2.74229e-05, 0.978453, 0.0215196,
develop00440.jpg,5.48897e-06, 0.903419, 0.0965753,
develop00441.jpg,1.2124e-05, 0.98089, 0.0190977,
develop00442.jpg,1.05321e-05, 0.989842, 0.0101475,
develop00443.jpg,1.43282e-05, 0.991658, 0.00832759,
develop00444.jpg,1.10378e-05, 0.986588, 0.0134012,
develop00445.jpg,1.39511e-05, 0.990523, 0.00946276,
develop00446.jpg,1.71968e-05, 0.996472, 0.00351072,
develop00447.jpg,3.13934e-05, 0.995809, 0.00415963,
develop00448.jpg,1.07091e-05, 0.9874, 0.0125897,
develop00449.jpg,1.01414e-05, 0.993511, 0.00647854,
develop00450.jpg,1.37267e-05, 0.99537, 0.00461627,
develop00451.jpg,7.22292e-06, 0.995519, 0.00447336,
develop00452.jpg,2.46018e-05, 0.993816, 0.00615914,
develop00453.jpg,9.43674e-06, 0.9912, 0.00879019,
develop00454.jpg,2.06413e-05, 0.976022, 0.0239574,
develop00455.jpg,1.46461e-05, 0.993711, 0.00627442,
develop00456.jpg,1.59567e-05, 0.988106, 0.0118777,
develop00457.jpg,2.36652e-05, 0.986216, 0.0137605,
develop00458.jpg,1.9545e-05, 0.983674, 0.0163065,
develop00459.jpg,3.25872e-06, 0.721552, 0.278444,
develop00460.jpg,7.39633e-06, 0.824026, 0.175967,
develop00461.jpg,7.64872e-06, 0.845129, 0.154863,
develop00462.jpg,6.50771e-06, 0.809799, 0.190194,
develop00463.jpg,3.87492e-06, 0.747075, 0.252921,
develop00464.jpg,7.72731e-06, 0.838386, 0.161607,
develop00465.jpg,6.59061e-06, 0.732796, 0.267198,
develop00466.jpg,6.45302e-06, 0.854401, 0.145593,
develop00467.jpg,3.12819e-06, 0.537118, 0.462879,
develop00468.jpg,2.61714e-06, 0.645236, 0.354761,
develop00469.jpg,3.97689e-06, 0.609896, 0.3901,
develop00470.jpg,6.5749e-06, 0.793589, 0.206405,
develop00471.jpg,4.09725e-06, 0.66149, 0.338506,
develop00472.jpg,9.9912e-06, 0.884934, 0.115056,
develop00473.jpg,3.86691e-06, 0.710779, 0.289217,
develop00474.jpg,4.72789e-06, 0.678083, 0.321912,
develop00475.jpg,9.08014e-06, 0.718308, 0.281683,
develop00476.jpg,1.6732e-06, 0.5876, 0.412398,
develop00477.jpg,2.9994e-06, 0.637306, 0.362691,
develop00478.jpg,3.34124e-05, 0.567364, 0.432602,
develop00479.jpg,7.43971e-05, 0.141366, 0.858559,
develop00480.jpg,1.86154e-05, 0.414011, 0.58597,
develop00481.jpg,9.98766e-06, 0.717712, 0.282278,
develop00482.jpg,1.16977e-05, 0.622786, 0.377203,
develop00483.jpg,2.20367e-05, 0.429303, 0.570675,
develop00484.jpg,2.80687e-05, 0.131498, 0.868473,
develop00485.jpg,3.46597e-06, 0.974704, 0.0252924,
develop00486.jpg,1.1956e-06, 0.102655, 0.897344,
develop00487.jpg,1.76586e-05, 0.298497, 0.701485,
develop00488.jpg,1.37693e-05, 0.0554372, 0.944549,
develop00489.jpg,7.42478e-06, 0.328163, 0.671829,
develop00490.jpg,2.8133e-06, 0.497972, 0.502025,
develop00491.jpg,5.14731e-05, 0.62678, 0.373168,
develop00492.jpg,0.000100966, 0.0785821, 0.921317,
develop00493.jpg,5.48792e-06, 0.855581, 0.144414,
develop00494.jpg,5.01857e-06, 0.723372, 0.276623,
develop00495.jpg,1.04469e-05, 0.943081, 0.0569086,
develop00496.jpg,4.41364e-05, 0.226949, 0.773006,
develop00497.jpg,1.51144e-05, 0.12611, 0.873874,
develop00498.jpg,1.00155e-05, 0.944167, 0.0558229,
develop00499.jpg,2.30107e-06, 0.101509, 0.898489,
develop00500.jpg,8.84538e-05, 0.352557, 0.647354,
develop00501.jpg,2.03634e-05, 0.330211, 0.669768,
develop00502.jpg,0.000118288, 0.317063, 0.682819,
develop00503.jpg,0.000101227, 0.320286, 0.679613,
develop00504.jpg,2.65488e-05, 0.353911, 0.646062,
develop00505.jpg,2.63758e-05, 0.323896, 0.676078,
develop00506.jpg,0.00011509, 0.293436, 0.706449,
develop00507.jpg,0.000145927, 0.297323, 0.702532,
develop00508.jpg,4.18925e-05, 0.339025, 0.660933,
develop00509.jpg,3.81357e-05, 0.320219, 0.679742,
develop00510.jpg,0.000123322, 0.303612, 0.696264,
develop00511.jpg,6.51569e-05, 0.32641, 0.673525,
develop00512.jpg,1.28641e-05, 0.282222, 0.717765,
develop00513.jpg,2.14794e-05, 0.338082, 0.661896,
develop00514.jpg,0.000113986, 0.316332, 0.683554,
develop00515.jpg,8.20074e-05, 0.312721, 0.687197,
develop00516.jpg,2.28901e-05, 0.288713, 0.711264,
develop00517.jpg,3.10643e-05, 0.319922, 0.680047,
develop00518.jpg,5.25088e-05, 0.334553, 0.665395,
develop00519.jpg,0.000111282, 0.327501, 0.672388,
develop00520.jpg,0.000146461, 0.699251, 0.300602,
develop00521.jpg,0.000146683, 0.525431, 0.474423,
develop00522.jpg,5.74468e-05, 0.300835, 0.699108,
develop00523.jpg,0.000107223, 0.34201, 0.657883,
develop00524.jpg,2.93005e-05, 0.250291, 0.749679,
develop00525.jpg,7.9724e-05, 0.325225, 0.674695,
develop00526.jpg,1.66189e-05, 0.814114, 0.18587,
develop00527.jpg,4.07132e-06, 0.456795, 0.543201,
develop00528.jpg,8.43778e-07, 0.132303, 0.867696,
develop00529.jpg,6.18548e-07, 0.132583, 0.867416,
develop00530.jpg,5.4947e-07, 0.101157, 0.898842,
develop00531.jpg,1.33442e-06, 0.258229, 0.74177,
develop00532.jpg,1.34975e-05, 0.547445, 0.452542,
develop00533.jpg,3.01892e-05, 0.639438, 0.360532,
develop00534.jpg,1.11806e-05, 0.533142, 0.466846,
develop00535.jpg,1.95102e-06, 0.355145, 0.644853,
develop00536.jpg,1.35586e-06, 0.216165, 0.783833,
develop00537.jpg,1.14821e-06, 0.128276, 0.871723,
develop00538.jpg,1.7649e-06, 0.194573, 0.805425,
develop00539.jpg,2.0185e-06, 0.337127, 0.662871,
develop00540.jpg,1.96612e-06, 0.284303, 0.715694,
develop00541.jpg,4.50108e-06, 0.369874, 0.630122,
develop00542.jpg,2.4454e-06, 0.264783, 0.735214,
develop00543.jpg,1.2272e-05, 0.542619, 0.457369,
develop00544.jpg,2.03244e-05, 0.742062, 0.257918,
develop00545.jpg,1.13622e-05, 0.573094, 0.426895,
develop00546.jpg,7.67194e-06, 0.462725, 0.537267,
develop00547.jpg,6.0529e-06, 0.408905, 0.591089,
develop00548.jpg,2.44065e-06, 0.409718, 0.59028,
develop00549.jpg,1.73416e-06, 0.469354, 0.530645,
develop00550.jpg,1.4317e-06, 0.470038, 0.529961,
develop00551.jpg,6.72198e-07, 0.286965, 0.713034,
develop00552.jpg,1.21315e-07, 0.029115, 0.970885,
develop00553.jpg,3.88439e-08, 0.0462932, 0.953707,
develop00554.jpg,5.56716e-08, 0.110396, 0.889604,
develop00555.jpg,7.47176e-08, 0.0658872, 0.934113,
develop00556.jpg,9.78777e-08, 0.0358935, 0.964106,
develop00557.jpg,1.02325e-07, 0.030263, 0.969737,
develop00558.jpg,2.0786e-07, 0.0500386, 0.949961,
develop00559.jpg,1.95213e-07, 0.0756138, 0.924386,
develop00560.jpg,1.25867e-07, 0.0669876, 0.933012,
develop00561.jpg,1.28245e-07, 0.0575758, 0.942424,
develop00562.jpg,7.43827e-08, 0.0558766, 0.944123,
develop00563.jpg,1.31904e-07, 0.0594968, 0.940503,
develop00564.jpg,6.58948e-08, 0.0369659, 0.963034,
develop00565.jpg,7.46828e-08, 0.106621, 0.893379,
develop00566.jpg,2.3259e-07, 0.0819359, 0.918064,
develop00567.jpg,3.92675e-07, 0.0731215, 0.926878,
develop00568.jpg,6.56146e-07, 0.0409144, 0.959085,
develop00569.jpg,1.833e-07, 0.0634356, 0.936564,
develop00570.jpg,1.85488e-07, 0.154113, 0.845887,
develop00571.jpg,1.34005e-07, 0.0330877, 0.966912,
develop00572.jpg,5.01919e-07, 0.139511, 0.860488,
develop00573.jpg,1.73957e-06, 0.11043, 0.889569,
develop00574.jpg,1.40727e-06, 0.164618, 0.835381,
develop00575.jpg,1.15304e-06, 0.0429127, 0.957086,
develop00576.jpg,9.85429e-08, 0.0274294, 0.97257,
develop00577.jpg,8.08416e-08, 0.0996434, 0.900356,
develop00578.jpg,1.15821e-07, 0.119953, 0.880047,
develop00579.jpg,7.85265e-08, 0.0327197, 0.96728,
develop00580.jpg,1.21183e-06, 0.078795, 0.921204,
develop00581.jpg,1.62324e-06, 0.104357, 0.895641,
develop00582.jpg,3.73908e-06, 0.091143, 0.908853,
develop00583.jpg,2.41306e-07, 0.0493738, 0.950626,
develop00584.jpg,1.9427e-07, 0.0736482, 0.926352,
develop00585.jpg,2.70175e-07, 0.0508277, 0.949172,
develop00586.jpg,9.71021e-07, 0.0391765, 0.960823,
develop00587.jpg,2.85851e-06, 0.0726786, 0.927318,
develop00588.jpg,2.22259e-06, 0.282888, 0.71711,
develop00589.jpg,2.82148e-07, 0.141686, 0.858314,
develop00590.jpg,6.29104e-07, 0.159113, 0.840886,
develop00591.jpg,3.91039e-07, 0.144062, 0.855938,
develop00592.jpg,6.8477e-07, 0.21016, 0.789839,
develop00593.jpg,1.30195e-06, 0.0761896, 0.923809,
develop00594.jpg,2.10064e-06, 0.083181, 0.916817,
develop00595.jpg,2.33773e-06, 0.0701116, 0.929886,
develop00596.jpg,4.89247e-06, 0.0780035, 0.921992,
develop00597.jpg,1.14488e-06, 0.0608438, 0.939155,
develop00598.jpg,8.3436e-07, 0.0508056, 0.949194,
develop00599.jpg,5.31856e-06, 0.0633499, 0.936645,
develop00600.jpg,5.76998e-07, 0.0518397, 0.94816,
develop00601.jpg,4.80708e-06, 0.153244, 0.846751,
develop00602.jpg,6.54098e-06, 0.315646, 0.684347,
develop00603.jpg,4.26629e-06, 0.0563162, 0.94368,
develop00604.jpg,2.82212e-05, 0.133161, 0.86681,
develop00605.jpg,9.98591e-06, 0.0591185, 0.940872,
develop00606.jpg,1.17001e-05, 0.0608517, 0.939137,
develop00607.jpg,5.32982e-06, 0.0859092, 0.914085,
develop00608.jpg,8.96957e-07, 0.0574187, 0.94258,
develop00609.jpg,1.58801e-06, 0.123388, 0.87661,
develop00610.jpg,2.15489e-06, 0.0715993, 0.928399,
develop00611.jpg,5.63308e-06, 0.0707175, 0.929277,
develop00612.jpg,4.53044e-06, 0.375623, 0.624372,
develop00613.jpg,2.2497e-06, 0.144368, 0.85563,
develop00614.jpg,1.92065e-05, 0.170607, 0.829374,
develop00615.jpg,2.50014e-06, 0.160672, 0.839325,
develop00616.jpg,1.65202e-06, 0.132811, 0.867188,
develop00617.jpg,9.14589e-06, 0.140958, 0.859033,
develop00618.jpg,4.8861e-05, 0.490518, 0.509433,
develop00619.jpg,5.53892e-05, 0.428811, 0.571134,
develop00620.jpg,4.26041e-06, 0.0807204, 0.919275,
develop00621.jpg,2.90287e-06, 0.0481402, 0.951857,
develop00622.jpg,3.12755e-06, 0.0567195, 0.943277,
develop00623.jpg,9.87743e-06, 0.162998, 0.836992,
develop00624.jpg,7.22987e-05, 0.376204, 0.623724,
develop00625.jpg,9.3513e-05, 0.635929, 0.363977,
develop00626.jpg,0.000116976, 0.23459, 0.765293,
develop00627.jpg,8.64536e-06, 0.229716, 0.770276,
develop00628.jpg,3.84773e-06, 0.128701, 0.871295,
develop00629.jpg,6.17189e-06, 0.148161, 0.851833,
develop00630.jpg,1.11363e-05, 0.120193, 0.879796,
develop00631.jpg,1.57091e-05, 0.117329, 0.882655,
develop00632.jpg,6.48342e-05, 0.698908, 0.301027,
develop00633.jpg,6.09078e-05, 0.783396, 0.216543,
develop00634.jpg,0.000113178, 0.264082, 0.735804,
develop00635.jpg,9.42453e-06, 0.106851, 0.89314,
develop00636.jpg,4.45645e-06, 0.121577, 0.878418,
develop00637.jpg,4.8396e-06, 0.105367, 0.894628,
develop00638.jpg,0.956987, 0.0428257, 0.000186978,
develop00639.jpg,0.991622, 0.00831349, 6.40922e-05,
develop00640.jpg,0.964333, 0.0355274, 0.000139925,
develop00641.jpg,0.871933, 0.127593, 0.000473811,
develop00642.jpg,0.800861, 0.198512, 0.000626421,
develop00643.jpg,0.875282, 0.124238, 0.000480184,
develop00644.jpg,0.912838, 0.0866271, 0.000534822,
develop00645.jpg,0.968086, 0.0317385, 0.000175733,
develop00646.jpg,0.950739, 0.0489384, 0.000322451,
develop00647.jpg,0.862356, 0.137035, 0.000609358,
develop00648.jpg,0.827969, 0.171379, 0.000651516,
develop00649.jpg,0.992095, 0.00735349, 0.000551439,
develop00650.jpg,0.993925, 0.00541994, 0.000655162,
develop00651.jpg,0.992126, 0.00707831, 0.000795664,
develop00652.jpg,0.997297, 0.00237427, 0.000328561,
develop00653.jpg,0.996546, 0.0030559, 0.000397938,
develop00654.jpg,0.997311, 0.00231893, 0.000370018,
develop00655.jpg,0.995817, 0.00380615, 0.000376931,
develop00656.jpg,0.995272, 0.00446927, 0.000259209,
develop00657.jpg,0.997116, 0.00270856, 0.000175243,
develop00658.jpg,0.990557, 0.00888415, 0.00055915,
develop00659.jpg,0.993863, 0.00585747, 0.000279096,
develop00660.jpg,0.979022, 0.020372, 0.000606125,
develop00661.jpg,0.980814, 0.0184007, 0.000785407,
develop00662.jpg,0.988286, 0.0110221, 0.000692264,
develop00663.jpg,0.884837, 0.103911, 0.0112515,
develop00664.jpg,0.9989, 0.00102701, 7.3209e-05,
develop00665.jpg,0.945749, 0.0513475, 0.00290345,
develop00666.jpg,0.800726, 0.191305, 0.00796954,
develop00667.jpg,0.999125, 0.000755816, 0.000119413,
develop00668.jpg,0.845413, 0.149609, 0.00497734,
develop00669.jpg,0.805335, 0.188348, 0.00631783,
develop00670.jpg,0.998914, 0.000893083, 0.000192399,
develop00671.jpg,0.957702, 0.0412767, 0.00102088,
develop00672.jpg,0.754737, 0.235179, 0.0100837,
develop00673.jpg,0.96461, 0.033633, 0.0017573,
develop00674.jpg,0.984552, 0.0144925, 0.000955567,
develop00675.jpg,0.929224, 0.0663387, 0.00443772,
develop00676.jpg,0.884564, 0.11019, 0.00524613,
develop00677.jpg,0.964263, 0.0326082, 0.00312923,
develop00678.jpg,0.627776, 0.358627, 0.0135973,
develop00679.jpg,0.944108, 0.0526289, 0.00326343,
develop00680.jpg,0.950167, 0.0478031, 0.00202982,
develop00681.jpg,0.970669, 0.0277429, 0.00158821,
develop00682.jpg,0.750295, 0.234169, 0.0155363,
develop00683.jpg,0.992319, 0.00707396, 0.000607217,
develop00684.jpg,0.459733, 0.515012, 0.025255,
develop00685.jpg,0.908978, 0.0852896, 0.00573262,
develop00686.jpg,0.63752, 0.345075, 0.0174054,
develop00687.jpg,0.972057, 0.0251743, 0.00276886,
develop00688.jpg,0.990521, 0.00856037, 0.000918844,
develop00689.jpg,0.765438, 0.222909, 0.0116524,
develop00690.jpg,0.989863, 0.00886558, 0.00127166,
develop00691.jpg,0.654996, 0.322803, 0.0222009,
develop00692.jpg,0.976165, 0.0236134, 0.000221378,
develop00693.jpg,0.972336, 0.0274283, 0.000235898,
develop00694.jpg,0.991726, 0.0081166, 0.000157657,
develop00695.jpg,0.969523, 0.0302592, 0.000217698,
develop00696.jpg,0.963328, 0.0364156, 0.00025645,
develop00697.jpg,0.987357, 0.0124589, 0.000183648,
develop00698.jpg,0.914498, 0.084935, 0.000567178,
develop00699.jpg,0.989257, 0.0105209, 0.000222642,
develop00700.jpg,0.921386, 0.0782912, 0.000322361,
develop00701.jpg,0.98846, 0.0113099, 0.000230227,
develop00702.jpg,0.958282, 0.0415633, 0.00015435,
develop00703.jpg,0.870818, 0.128826, 0.00035578,
develop00704.jpg,0.992396, 0.00696913, 0.000635152,
develop00705.jpg,0.995339, 0.00402379, 0.000637694,
develop00706.jpg,0.996903, 0.00287419, 0.000222723,
develop00707.jpg,0.997563, 0.00215046, 0.000286679,
develop00708.jpg,0.985467, 0.0137841, 0.000749026,
develop00709.jpg,0.995324, 0.00437526, 0.000300702,
develop00710.jpg,0.995179, 0.00444212, 0.000378545,
develop00711.jpg,0.793458, 0.204054, 0.0024879,
develop00712.jpg,0.987246, 0.012077, 0.000677431,
develop00713.jpg,0.997483, 0.00235392, 0.000163077,
develop00714.jpg,0.676905, 0.2946, 0.0284952,
develop00715.jpg,0.812681, 0.175852, 0.0114666,
develop00716.jpg,0.710075, 0.275351, 0.0145745,
develop00717.jpg,0.504244, 0.467684, 0.0280713,
develop00718.jpg,0.94113, 0.0515952, 0.00727543,
develop00719.jpg,0.555939, 0.404422, 0.0396385,
develop00720.jpg,0.939651, 0.0549757, 0.00537357,
develop00721.jpg,0.883812, 0.110049, 0.00613869,
develop00722.jpg,0.61534, 0.366834, 0.0178267,
develop00723.jpg,0.911163, 0.0786215, 0.0102152,
develop00724.jpg,0.659741, 0.307518, 0.032741,
develop00725.jpg,0.809775, 0.175847, 0.0143786,
develop00726.jpg,0.917317, 0.072492, 0.0101906,
develop00727.jpg,0.975384, 0.0238773, 0.000738198,
develop00728.jpg,0.99034, 0.00951516, 0.00014519,
develop00729.jpg,0.914479, 0.0835136, 0.00200744,
develop00730.jpg,0.996303, 0.00350881, 0.000187866,
develop00731.jpg,0.96016, 0.0389354, 0.000904902,
develop00732.jpg,0.998462, 0.00143098, 0.000107427,
develop00733.jpg,0.987746, 0.0119283, 0.000325501,
develop00734.jpg,0.990159, 0.00954277, 0.000298411,
develop00735.jpg,0.994077, 0.00577838, 0.000144281,
develop00736.jpg,0.992269, 0.00754852, 0.000182798,
develop00737.jpg,0.997869, 0.00204952, 8.12123e-05,
develop00738.jpg,0.979574, 0.0199866, 0.000439183,
develop00739.jpg,0.998375, 0.00155122, 7.36158e-05,
develop00740.jpg,0.960915, 0.0381873, 0.000897592,
develop00741.jpg,0.999009, 0.000931561, 5.98321e-05,
develop00742.jpg,0.960316, 0.0388678, 0.00081578,
develop00743.jpg,0.536425, 0.457334, 0.00624084,
develop00744.jpg,0.957198, 0.0418827, 0.000919579,
develop00745.jpg,0.0387251, 0.952052, 0.00922338,
develop00746.jpg,0.97006, 0.029519, 0.000421022,
develop00747.jpg,0.923359, 0.0748009, 0.00184008,
develop00748.jpg,0.143156, 0.838465, 0.0183791,
develop00749.jpg,0.926191, 0.0730165, 0.000792816,
develop00750.jpg,0.035195, 0.962189, 0.00261577,
develop00751.jpg,0.926959, 0.0722018, 0.000839566,
develop00752.jpg,0.0781858, 0.916598, 0.00521658,
develop00753.jpg,0.97901, 0.0204925, 0.000497437,
develop00754.jpg,0.916434, 0.0816117, 0.00195434,
develop00755.jpg,0.648156, 0.308063, 0.0437804,
develop00756.jpg,0.863582, 0.134795, 0.00162353,
develop00757.jpg,0.0422132, 0.942936, 0.0148513,
develop00758.jpg,0.946673, 0.0526376, 0.000689162,
develop00759.jpg,0.0467906, 0.939654, 0.0135555,
develop00760.jpg,0.950703, 0.0486633, 0.000633495,
develop00761.jpg,0.00689871, 0.99163, 0.00147161,
develop00762.jpg,0.791202, 0.208047, 0.000751076,
develop00763.jpg,0.46565, 0.531773, 0.00257705,
develop00764.jpg,0.0441092, 0.94451, 0.0113812,
develop00765.jpg,0.23263, 0.765353, 0.00201752,
develop00766.jpg,0.0180094, 0.980935, 0.00105606,
develop00767.jpg,0.875886, 0.122516, 0.00159856,
develop00768.jpg,0.465007, 0.534193, 0.000799753,
develop00769.jpg,0.084377, 0.911263, 0.00436021,
develop00770.jpg,0.653421, 0.338787, 0.00779209,
develop00771.jpg,0.285384, 0.607728, 0.106888,
develop00772.jpg,0.318197, 0.668427, 0.0133755,
develop00773.jpg,0.682773, 0.255193, 0.062034,
develop00774.jpg,0.306401, 0.685219, 0.00838047,
develop00775.jpg,0.225154, 0.599149, 0.175696,
develop00776.jpg,0.118581, 0.870724, 0.0106949,
develop00777.jpg,0.240331, 0.60114, 0.158529,
develop00778.jpg,0.482298, 0.500044, 0.0176583,
develop00779.jpg,0.299754, 0.677033, 0.0232131,
develop00780.jpg,0.202227, 0.700337, 0.0974356,
develop00781.jpg,0.0603478, 0.89816, 0.0414923,
develop00782.jpg,0.113675, 0.636331, 0.249994,
develop00783.jpg,0.0347192, 0.915936, 0.0493449,
develop00784.jpg,0.178887, 0.729098, 0.092015,
develop00785.jpg,0.00231017, 0.44611, 0.55158,
develop00786.jpg,0.00714039, 0.439342, 0.553518,
develop00787.jpg,0.000654177, 0.44778, 0.551566,
develop00788.jpg,0.00137904, 0.514345, 0.484276,
develop00789.jpg,0.00103398, 0.475286, 0.52368,
develop00790.jpg,0.00131397, 0.466291, 0.532395,
develop00791.jpg,0.00339397, 0.493914, 0.502692,
develop00792.jpg,0.00306804, 0.530587, 0.466345,
develop00793.jpg,0.00495764, 0.518444, 0.476598,
develop00794.jpg,0.00301911, 0.536713, 0.460268,
develop00795.jpg,0.00561409, 0.523342, 0.471044,
develop00796.jpg,0.00405464, 0.474635, 0.52131,
develop00797.jpg,0.00249673, 0.463404, 0.5341,
develop00798.jpg,0.00141512, 0.474562, 0.524023,
develop00799.jpg,0.00321147, 0.471093, 0.525695,
